1000
975259811 613773323 992
306551651 77885995 699
282210259 499033826 612
920659022 775497866 320
88936473 71998374 788
601763315 132808216 825
155152621 743346837 151
111309180 844265045 434
917057741 812665103 389
401300568 235645732 538
945900472 804800539 544
301537978 902581069 757
42938804 821177057 765
23414808 249759995 459
529949512 118521137 273
940861868 371103295 441
848779779 144146427 871
41841910 683101579 94
273506547 651591637 529
130878520 785203767 864
899350830 715267960 517
817003769 776698623 624
301945421 350688835 626
73755779 63982211 139
800349932 508578487 890
353874533 657621446 978
915779371 526423801 75
570916593 73328816 469
171662128 922371412 153
275993535 165708428 748
121469347 121142452 462
766265896 156732555 734
63462961 342193963 453
93495244 268719167 261
637625865 567643760 835
824613645 289228832 537
77223522 409565275 375
176827281 36314634 708
163071731 319955306 147
757810884 607880125 342
486584441 290170176 187
910042707 498316636 947
908207413 859600672 102
577910963 975264751 914
800549739 942446198 107
779124632 880548833 606
600655844 78465359 6
828403838 100809603 618
737434221 91072220 10
230704420 53391239 712
163750998 432842739 289
147311627 103721861 723
935278836 85293454 706
87837435 620235898 759
427444767 178980170 803
93455743 339125060 861
335699636 282409960 792
375942500 365844775 635
249410324 821699024 346
447298366 814096971 763
336950692 201232777 834
33676003 344739899 499
340883275 202653762 840
151652334 603543655 197
767642103 52826701 360
296551486 887306915 560
272371993 654050206 988
465530484 971073447 254
565228580 599261265 600
292781176 720669069 599
152670481 676740897 497
789659124 194936406 687
929006814 831869937 39
131567832 794561125 443
896626186 209008711 126
82614228 16480514 394
851644699 387288012 239
466822881 287269081 25
936472857 632178894 868
129473977 138902136 407
977211408 110646462 748
207909466 136700628 259
752835474 711787698 252
514750343 412366789 67
279665970 176839140 15
50614599 456160901 398
27760394 193554993 478
333853028 333546037 859
626477110 63650971 891
335572461 392775768 636
28466007 38963143 322
313701301 493057878 654
899431697 967992448 290
874400465 511144187 498
318446221 284139058 227
491147038 254512373 592
557992439 74093423 393
512762041 504179545 714
25500417 13015150 920
366627460 170156319 632
317884767 822155655 847
251568296 461270689 755
962738505 478432697 449
582522638 397107744 147
9487356 324030244 602
220466661 842294847 628
749880889 107852175 128
43996703 522934918 6
256287940 336804579 394
683518451 40418273 765
228804839 444489134 693
777453917 129308958 401
333142765 383938465 348
127949465 355945331 854
879647911 743352338 656
756576428 60492533 318
845092842 465745019 393
7180251 854676258 317
794165518 206724345 115
23231026 543951704 798
437943153 33206990 61
239871487 456362843 293
91932658 138109151 462
250826836 459237843 892
624267638 108752439 672
247626632 382902475 898
745759079 177909378 929
12869558 458697780 80
347029040 997227155 992
896488252 689637984 174
735735234 309464287 981
756220734 825733256 726
100420115 111768575 524
207713825 976067910 54
432163737 127374642 220
217266704 711166235 868
493123027 95072984 211
626133371 916851434 925
11957697 220958456 372
837727123 286236284 655
631994471 824679867 403
436252879 562780922 64
316408653 622805487 264
295594345 568933238 287
570390786 649533829 179
440284130 576557410 161
235559829 339651091 487
100974970 839609111 406
396721946 690727763 874
112190649 91443279 437
565711915 473250210 547
94774761 614532267 789
535063652 77180034 629
685651865 832070702 534
983501542 78866201 107
634474780 209474497 583
129071829 804483759 636
455297800 235413933 41
314062298 991308596 50
945037751 7839268 916
900012706 150551479 973
749771721 14212536 17
94546269 945643248 309
862462624 139445218 391
972964416 206718392 184
463226595 687976316 218
252416003 288328587 913
217076476 486170951 929
145043555 31034637 522
503191450 736310375 543
816515233 803089538 715
544605231 655574754 804
891508738 736786516 35
26871155 424887332 436
38303309 274340753 950
59563999 954350462 57
454052432 88501866 431
299438643 73968802 293
806910043 608060597 680
776098289 98939433 58
847068355 885274732 600
667458015 884213773 813
181090913 952960044 245
219218569 41961520 152
830550289 229155768 395
680020669 237782227 552
689642547 116094579 947
692862989 535277855 782
473908525 88837609 335
799357264 934110624 969
9727462 831549510 892
663516962 103643332 796
129491277 420365021 569
227170399 753367905 508
940657616 733830307 896
61120172 607998764 918
258098150 582976177 890
467566318 167395139 758
262186629 216089286 400
810169809 366377636 890
25345964 17984451 215
153551426 871005364 184
707670747 961589293 115
687816181 127689657 541
799829398 254292142 424
52480480 344620383 73
233147366 506373268 45
2646206 782201655 575
749355736 881813584 474
7356301 271127860 688
137619195 655891960 107
10360849 335157292 602
666327270 230389702 198
975122255 803550813 549
331837872 605648536 345
624911378 322847717 951
89434486 670137966 639
524953961 96511305 225
49276377 62039790 853
654274855 638452719 146
276456573 995334115 543
287010402 606875299 138
229191564 511008698 905
248910325 537751062 913
505561649 987507716 83
778078462 772372315 304
965637405 781336566 948
432960352 22969448 280
163401989 979127532 146
227741762 984821915 67
152912673 870582498 89
224830094 848525618 248
456676270 237057273 139
26640243 596335570 658
524181102 508735992 855
495676132 346705665 795
974733603 410651337 36
372540438 597510316 837
444927000 131312376 631
648091654 696742561 906
368750232 768120119 107
13595121 33466646 508
66509684 443038173 9
326915034 192485665 527
914628481 612240226 793
337061127 124788029 822
856709656 538659556 472
392456324 954028492 19
929460629 286294181 170
669911455 978591631 443
606094296 24078475 561
41862762 310607407 337
449329351 410009759 294
515069501 119238328 50
106244298 284448142 928
224599601 659385369 841
88288077 738212651 283
557086630 346788773 852
8176962 47923947 627
353717438 733678485 535
159136669 428758120 825
340761823 710623108 119
910965717 358955486 197
689176885 576608497 497
646615146 869224113 84
129597741 777798593 532
104901465 551840741 956
48853755 809329338 53
328670889 239482533 822
436609046 901341705 42
660079331 256403645 59
224150967 47097789 664
929914769 928425247 435
177680221 636384329 672
284953030 76646498 249
953913164 167663878 584
209585302 211764542 851
55381769 713455791 959
447045017 859271441 72
897653215 579562979 723
115627372 111046237 843
269451102 454586279 254
199115313 109423432 967
788942807 900932065 501
610107402 513966619 179
638059745 894082526 819
332289953 111695300 297
818704342 112670925 70
642931363 853385300 986
866072663 47082049 233
759778880 788485505 604
199191236 384283315 2
305235373 112970020 782
813569733 767779838 356
80233635 641166780 482
579173828 899947489 895
65292254 653037802 828
764367216 690859137 383
141203358 198181875 563
18050620 12234468 75
774418473 626920514 846
694047710 679095671 431
569844806 136343523 945
106525649 477523081 443
345462724 248798216 328
244005843 797731022 813
926837233 516577160 3
972253287 904685532 845
463811107 915162971 794
431961939 992305841 256
941830195 379795231 419
516334627 548674092 495
708130045 325463447 346
772967077 947279759 912
814612706 130516774 968
418732908 53715204 837
523920454 193208408 303
957957197 354323477 596
746150930 100094042 964
259540709 541830705 536
934522930 71709565 678
7078161 591003950 405
206650904 667815863 871
197468531 323843010 505
71893303 917668642 657
95723508 726691337 57
647055242 676879995 466
122907709 462765570 58
625353739 769633188 939
380310076 905785362 265
471876412 555136034 125
189230246 452094847 773
782007713 753870751 181
151930735 501236982 428
13209667 436156010 282
375982675 632110342 627
233072943 57759218 132
219646289 793135267 82
388533749 722755919 791
757636907 605388196 590
442402858 903373753 73
768908775 236999493 233
179854822 207574799 120
329070928 653035685 263
324483655 963131473 775
187533686 27136841 515
144089068 342054950 931
159385386 265466775 770
103381882 776288087 721
776836227 70327644 845
891780635 61889874 266
775293788 148505671 605
580610554 869090984 825
429693907 401699436 634
40361160 88193423 453
724414668 344162498 549
519338554 876505185 610
341650028 10305957 359
302802057 720988187 557
696145566 909089108 664
91896561 105013982 135
279598994 140689524 100
788488754 434915954 377
232864824 773100684 716
411470098 653951678 706
259750601 938230406 433
681381593 410537554 693
555772735 860049716 806
652842451 93926621 294
406544856 340414409 103
656381394 949780919 318
538183575 61347420 892
762973865 62433368 173
73099971 312739433 410
852457650 597339359 824
859178342 94321488 300
729916233 762734220 235
962676176 412105939 86
731268431 703832646 56
386831121 32991644 866
113588648 1758486 881
249123714 760174517 63
755452349 251877546 738
741828924 871918862 207
493971451 836795347 83
140732063 901920251 367
952150098 714347271 996
860698317 794399155 780
264987830 170483424 210
874541 484022994 260
738943906 585736859 17
527138025 440690135 555
377501328 987700378 106
616595312 670872487 111
77248130 944898275 632
377401588 324409353 582
280582780 213298078 21
172032493 412893224 103
413346824 19217307 170
726630036 658113300 670
74802609 685787849 879
254194025 10000448 268
421751688 10061504 103
837307821 916818950 734
338170274 426025784 264
89093609 642670623 356
798559383 213916304 65
187522150 811623467 181
689524741 52595273 469
400272306 377651759 673
710038795 175742856 48
181706017 381714 135
319703247 903238039 143
824344906 846681375 17
28603128 629884516 668
387265670 913744006 301
439637045 303146240 146
589783412 809647579 125
780840116 948719649 750
982152056 171128469 464
221552811 685705377 799
227889463 275790736 826
941655763 378437117 328
844135708 996758923 530
99846888 156245207 91
693406167 66864555 403
882075179 192394101 472
703410905 897727479 133
154344415 612782655 710
338170585 643206618 301
47993295 369637445 385
116805202 817843876 394
411632327 571961270 149
917086210 224808969 41
523532567 10974314 314
588194668 373509280 788
80507155 27540058 49
676349271 797028453 782
857047957 459649570 725
837123662 6779192 994
968373369 718882182 749
654847262 494173532 165
624386336 864965610 113
919744347 516925432 377
486822638 661730520 611
656893914 752829337 19
697473485 155738238 761
87338296 918138542 647
182737063 154311213 504
931405906 400444427 26
217933807 456072412 595
317026507 118704488 361
6712345 603207587 67
324703626 251041247 944
454923806 59014720 57
875323705 778936432 357
24030201 939299733 602
811942087 46548608 319
41857836 137132583 435
734307302 842212438 137
92983100 738605729 94
60206478 904668061 451
276594224 421559888 283
249516153 541079013 242
575944982 933450660 818
549681060 555304738 671
653095551 912215733 591
314062036 75510315 318
460278014 48176572 760
284457743 51408700 256
571680172 146784662 459
741364511 176429685 35
479173799 942631492 699
175926290 479554137 440
313035150 878943085 613
976713149 226649168 62
380043783 310788826 38
48910644 49050405 901
158598714 84200697 480
70362963 381776264 253
488335699 423908700 324
614960953 539513485 712
249638916 638683959 441
240924872 133735467 93
532981504 809059301 750
593260326 685271999 566
117603201 882067812 260
144018239 431380102 981
915148227 75351252 952
126695488 32774694 74
395320199 886457595 568
550661149 802054438 192
419046545 771836612 868
345148940 915094897 953
938103082 134681020 879
353013512 619328728 343
37968543 656358036 85
749053008 424436108 341
796746687 968580513 407
243095013 814495912 349
390030689 521422687 53
215264015 271079589 483
76475100 235181802 796
423429849 112216036 89
839408270 462494339 312
118001808 609356584 156
614873174 29855250 163
433346632 626423320 416
912012825 736514974 63
302338391 305678274 568
545801280 80164822 648
417008344 948912915 232
269111864 292844171 326
795039273 502483296 470
567490801 161381684 626
982196077 712862432 302
418006368 336813417 798
188117515 296267568 221
915999998 660104040 738
583469869 450894797 449
685781574 597952659 100
234708034 596138653 15
781546811 252712944 175
528370557 126443623 900
340082655 745897128 872
642523220 97468246 344
723825853 763959433 5
508064257 549430651 896
5087072 69170820 494
522145284 550053192 299
498439385 992445231 745
751126175 792238101 624
782313022 185798467 97
770875225 879120542 686
767705893 979602975 342
111701372 310812035 683
961821229 606892612 795
783049879 601365447 361
221337462 572627927 524
665411836 360208722 22
552892196 119879970 574
866604099 93276015 378
550387167 398359827 620
798139845 968640335 71
142711638 647317948 439
773551394 859654788 764
10213560 426345681 821
916541627 500210054 139
721982265 220022830 405
706185785 507009073 100
394100371 500237902 202
864380165 481506885 345
101158274 835624148 78
142955725 159457765 707
891778119 638144262 841
895555078 459570201 380
326384934 546987597 210
254239844 169703757 143
472683240 121640631 981
237919075 680476623 677
800077658 910507381 478
170999490 355169876 546
596996044 91153757 309
918922498 652828788 991
254836627 369955176 779
105685483 298348841 616
779195015 192391989 379
181683976 121342292 305
611411334 261895557 420
473046566 26045496 429
971315951 319441085 966
48577497 777392125 984
362746151 347018600 124
748716535 982210094 934
863793432 146031282 561
146844187 85148732 586
21617325 520784621 805
852506148 181492729 819
121793367 98567184 842
124761267 845099549 244
914907787 639789619 522
7023024 887961284 779
538210370 509911573 804
919999685 19955694 613
926309751 527016854 566
153381857 440614911 96
564869293 707677245 221
28014519 445558844 224
437886567 208562611 451
482307645 407331668 422
23432109 462453830 32
623279406 804107732 726
483004558 213920615 284
145042568 410087089 512
78755480 224369708 323
122087182 893072835 306
720116578 107380174 963
669285575 246778436 260
654928642 128310828 994
714308477 188128085 84
405955735 608605255 996
490033471 158894201 218
703565505 525220549 131
811159775 521999896 894
106671652 598869102 319
250750069 395396094 713
177358825 135621297 177
986470363 942628313 498
523606077 946895392 514
186527022 38494654 290
888503503 580291824 889
130007379 391655589 593
56945494 482019194 693
835089008 862072552 162
892152329 501436092 432
273513583 562980552 181
778914853 853101785 917
715544447 715205865 333
492191851 715942805 475
154032274 433632465 89
144848288 59142362 745
628702687 528103788 446
67542283 598841142 661
39846754 122096011 28
819030266 307930714 944
746283351 285367904 551
340154685 499469724 324
589001923 156996611 946
943282601 136593526 905
616069611 147226609 983
233729174 599670533 980
85276379 7777672 202
405354850 385640075 449
136019425 717761676 639
109490412 149662701 939
33892879 90771365 969
402282010 909148214 193
969648060 903233247 36
624905811 621826322 891
397752579 890269224 733
561225733 106555732 597
372393538 961493 625
1781025 536281456 963
13145245 783970078 779
618290586 927879170 223
49908857 147225757 946
442330602 729507909 174
5787137 607156947 642
719037837 700013725 769
983903141 701047972 874
512732035 622801166 867
501760662 67948502 110
507334354 689992642 655
848081227 102550421 653
296450818 638015366 564
863453694 573533426 806
573284511 931090510 682
981730608 403927903 862
514983355 23830445 231
695368225 941339445 894
542079081 786279262 54
248144729 422805550 43
354386243 713782206 848
670256418 76964843 677
79967718 921389135 333
565398539 273112688 324
880494960 152660534 564
387478375 127962275 568
162223368 16343230 41
764902860 928800976 80
602871383 564506579 615
756359572 572228904 669
899573255 738482312 215
417311071 491939901 952
447899211 221396370 847
2294415 223880584 1
658909015 715922378 838
100942283 166369251 506
880116707 154052783 271
639972733 649224207 163
216808365 248658145 661
260401236 968507696 943
317730292 535596199 254
447032258 697697100 743
142892541 429404267 218
442189951 406103503 845
843816338 539771192 245
174801668 360224778 884
363282302 264469315 371
300876817 336166319 142
294678546 757115487 748
669338408 595291479 918
429021091 942310023 785
867388687 791234301 223
708402441 577989720 221
697531986 39847040 292
489694754 102019988 63
227696063 247895588 690
2983501 641492385 744
805199592 982598929 251
151592688 396457991 496
233392292 189883859 980
97594355 923489526 958
438123918 337730265 1
156261954 171064254 623
623059077 81763574 136
770877007 742816596 821
768254763 650479075 203
943996045 174669012 372
437681766 489902266 186
896882166 734734330 58
256837345 333405308 216
332356230 532751783 158
847145868 793213581 949
893590973 266606178 178
217999384 114584883 668
964234529 311061204 883
713168764 156711451 325
106206906 559001675 345
497108595 126196435 878
249186197 194136377 418
5665275 652515153 358
370644546 659185074 43
739326936 910559338 138
369271125 638402545 546
775908623 675625052 483
134567400 152054995 710
247935595 393163589 976
252345880 961019994 304
277437179 212575146 736
168196484 575887404 774
810241682 299002609 850
135552465 788110866 493
529838150 109463015 97
947929896 658537081 134
523714290 978414394 34
391454390 290567412 917
439261108 193413632 416
809405739 913017016 158
96760431 265439278 474
91263292 190221087 73
67136074 540805922 474
478965793 579027493 296
232148015 156242970 202
830778392 585781998 805
898531149 40401083 43
931685600 70658622 105
190461847 667703691 462
588908095 221098239 803
110477378 924740727 382
69830268 507919551 70
911174219 368253262 149
848642277 48611888 439
398137583 775889987 94
581605451 837448614 941
280969777 236267631 323
127893377 908076956 57
275549527 646344269 840
471670752 543321904 544
992037741 633489980 879
280337862 532105890 934
16597953 737452288 6
67570963 63287768 966
483437157 573716034 230
26650539 224821981 376
956085425 257904907 101
845249526 24411230 337
536446910 843471437 998
222763875 130315308 537
20409580 544904027 360
255020768 839210429 785
658512989 712918635 220
865676644 796065962 771
438797687 36995867 603
170353766 794079538 79
941573478 762025705 8
182204515 293818038 627
864115095 985567674 745
123320156 55031867 107
445121086 1342036 139
929657685 192904427 73
641157330 133139684 246
426123479 493835924 183
645216396 730552697 735
926845807 418997800 330
780302571 424239238 782
618998317 251569723 313
669935667 216606564 407
470050341 932271496 839
520967657 126241998 620
411247858 711552365 557
863220056 257631075 235
191447854 996117610 211
747187216 245540904 772
687544059 63357094 520
200454753 303576835 166
295082109 887660650 849
666659301 58288961 290
480859230 980972195 478
556957683 577058833 847
562738249 724057444 531
520964141 558986502 808
93929839 481257058 838
534410483 637172889 947
179980549 25822071 500
707159021 401387685 636
104704707 192234272 9
318397061 352460009 386
594248039 837830911 239
45841002 199178122 567
159997232 884553305 926
505260559 612140942 701
751481956 407581848 318
754602794 204889442 391
14040011 476643786 113
222453045 709670229 574
248729905 781297953 644
159136240 20478491 302
469194727 8892273 207
987122654 348282699 625
308322627 449735606 539
961491651 980848608 889
792088348 764057483 404
237216812 909711548 707
898190926 91706291 847
771181031 307240224 66
719356220 536021140 917
189545095 132611382 274
911433 662597815 592
110953953 228399752 975
693778014 340531018 582
961111954 528432262 581
29089127 105215646 252
537868151 806256899 609
17635542 93886121 429
99957810 387359416 943
946624543 60525957 955
321679788 56896960 109
678521146 28417519 925
33385870 866605082 344
537038628 104020936 505
450717638 251598891 630
175473758 961501336 364
451647241 996774202 404
671961452 898781702 976
605371723 5389297 169
672271191 711105121 813
723651144 654927074 818
727006252 874097947 620
131614719 987588864 679
676082555 69210953 383
460748593 127937058 214
260258009 788792868 797
751777767 338014084 791
305465439 513148298 613
489663977 86405189 248
18311464 147424894 440
390555464 640498666 329
854411734 735976355 756
973893333 410140889 562
761751822 583350213 854
591142055 191251167 340
322795511 505366097 568
977094809 489200043 734
386880703 454924760 651
78294217 709499729 841
864960279 489375888 110
583569435 607537352 414
635869362 786279635 288
436885172 868955756 94
878141897 114776478 731
167274111 506232956 978
923156890 273391891 946
675753900 860843933 21
713637605 98219768 556
659917099 651915606 590
751324269 404958517 97
642923829 810038418 562
92385149 9399897 180
524577732 357866017 297
979320929 730950678 642
999714070 43420470 16
226000616 687451585 842
613900334 199858154 943
91182825 835741907 333
193670995 915752376 756
937914555 213652331 352
848844943 136934912 872
464259003 901859017 288
759901233 520780933 1000
931631305 623148500 181
486881100 780224494 15
342765771 830888853 962
261650486 517242440 354
206734122 140403130 156
833124105 808617858 76
548759120 511672084 728
591505445 986728944 19
327177264 922652185 770
213430444 794577097 842
160328382 89021283 28
354784005 965545129 120
394938482 706236975 804
95796058 915566607 897
370281673 231881951 265
875442202 154828768 380
465860292 254503288 415
358451831 74271715 813
459634536 254763557 648
21849833 189268803 596
113040444 331552178 325
901545 167808272 573
918254542 532892690 542
770475831 610888894 641
810320430 528244954 807
674992340 913072292 749
861030257 623971779 548
736794889 284397182 866
85741616 972847916 246
543141406 852909035 573
1261574 683561621 942
328546980 518486256 951
642386454 9717541 609
104209900 887117940 576
804083074 291250213 212
571906190 776707266 240
36998133 647723907 258
52483299 983261194 606
132272154 604076112 716
232158090 60925664 548
95821858 58476867 536
365275111 445086907 186
285033027 297369396 142
377319583 64580727 842
67798836 615011745 158
899685917 738632403 716
938477233 160724268 934
351693073 146305268 811
418513405 832597530 635
922854636 55483617 120
857022043 481585878 493
191445605 861094405 950
278223252 79742060 409
85938679 728845744 525
308969588 313476879 817
893359712 260524438 779
120413517 993934996 446
724726051 911802446 279
40028275 187068148 977
387994375 866995156 248
30187198 455562446 270
948058263 583484936 558
541932555 231020003 522
251083424 351563053 127
972950459 298092952 470
349064885 79945834 757
615735090 145536375 356
528885166 245241420 390
504991833 692286894 490
568357413 657353027 92
197615133 470624142 158
302129912 502358049 181
157101806 299128333 224
267419594 55642270 982
922629441 297360453 390
806500738 883912662 252
735545358 95961075 755
102128842 324686024 43
245389650 93340666 585
259130001 963483865 75
263001231 497395421 226
433990793 944741456 951
561132871 971593032 721
158883754 100848856 816
721821573 918698631 766
450390701 390135809 370
916497492 958805261 178
522792594 562693567 220
142651461 749480175 47
286286619 692787946 822
393241069 706100326 604
596925775 233847228 886
20335717 64074321 32
144526328 972983893 772
556336072 872819889 572
829519396 295377722 999
614760377 153036587 78
154762152 855381970 87
690400731 279751049 331
729694616 788211432 140
449537622 528821305 293
51546320 327567148 718
214917721 439967437 45
250978927 734138290 223
202519698 604401273 339
147983447 418080882 191
690829240 122580120 812
796852654 551554758 374
89647874 108846887 843
931506527 318015983 95
